8
25
12 0
25 25
1 c x 5 7 0 8 0 0 0 8 0 b c 4 x 5 6 2 b 2 b - 0 8 
0 1 5 7 6 0 0 x 1 3 x 6 0 6 0 0 - 3 x b 5 3 7 2 2 
b b x x 0 5 i 0 0 b 8 7 0 c 2 1 0 1 x 0 c 0 7 3 3 
0 x 8 3 4 1 0 0 0 0 0 0 6 b 4 2 5 b - 0 2 - 7 5 7 
4 i 1 6 x 3 0 6 1 c c c 6 x 0 8 0 0 1 6 c 0 3 0 c 
3 1 5 0 i 0 3 c 0 3 7 c 4 7 4 c 0 6 i 7 2 0 3 - 0 
3 c i i 3 0 0 6 8 8 0 5 5 4 8 0 x c b 2 0 0 6 0 0 
i - 0 x 2 i i 1 0 5 0 b - 6 - 4 6 1 4 - x x x 0 7 
0 0 7 1 1 0 6 7 2 3 5 2 c 0 0 5 4 0 c 1 0 0 7 3 4 
1 6 i 0 i 4 - 7 0 0 4 b 6 0 4 3 2 4 3 8 0 0 x b 5 
2 8 4 2 7 0 8 2 - c 1 3 1 0 b x 0 5 5 2 0 3 - 8 0 
5 0 8 0 - 2 1 i - b 0 0 x 3 0 0 i 0 0 6 8 c 0 i b 
c 0 0 8 8 7 0 6 7 0 b 5 4 2 0 0 0 x 1 0 0 0 5 5 i 
3 i b 0 0 2 3 0 1 0 0 - 0 3 4 8 0 b 7 0 4 5 0 5 x 
6 8 5 0 5 7 7 i 6 1 4 5 7 0 i 0 7 8 x i 3 0 2 4 8 
1 2 1 4 x 5 4 2 0 0 0 0 0 0 0 2 b c c 5 3 5 7 8 0 
7 i 0 8 x 4 0 0 4 0 - 0 i 8 6 4 1 0 i 7 0 5 - 5 6 
8 3 b i 5 0 3 i b 0 0 6 - 0 c b 3 6 6 i 0 0 7 7 1 
0 6 0 0 1 0 0 0 0 5 0 8 0 x 1 1 0 i 0 0 b 2 0 0 1 
5 6 0 7 7 3 1 3 x 5 6 6 6 3 b - 7 0 0 1 x - 0 i - 
x x 3 7 c 4 x 6 2 0 - 0 0 0 c 0 2 2 6 5 7 8 6 0 0 
x 0 0 5 0 7 b 4 8 8 b 0 7 b i 0 0 0 6 - i 6 8 0 i 
x 0 5 c 4 i 1 7 0 x 8 7 5 3 0 4 x 8 0 0 x 0 6 0 0 
7 8 1 5 0 4 1 6 b 8 0 1 0 2 - 4 0 0 i 6 x 0 c i 6 
0 - 0 1 2 i 0 1 0 0 0 7 0 i c 0 0 2 0 8 0 0 - 0 6 
0 0 0 <-> 11 17 2
0 0 1 <-> 21 4 0
0 0 5 <-> 15 0 0
0 0 6 <-> 24 12 2
0 0 7 <-> 22 1 0
1 0 0 <-> 7 10 2
1 0 1 <-> 21 9 3
1 0 7 <-> 14 24 5
2 0 0 <-> 11 16 3
2 0 1 <-> 16 19 6
2 0 7 <-> 24 16 2
3 0 0 <-> 6 24 4
3 0 1 <-> 12 14 7
3 0 7 <-> 17 3 2
4 0 0 <-> 20 0 0
4 0 1 <-> 17 1 6
4 0 7 <-> 18 21 2
5 0 0 <-> 3 24 3
5 0 1 <-> 1 8 0
5 0 7 <-> 24 14 1
6 0 0 <-> 19 0 7
6 0 1 <-> 0 4 5
6 0 7 <-> 9 19 3
7 0 0 <-> 22 5 2
7 0 1 <-> 23 18 3
7 0 7 <-> 8 9 4
8 0 0 <-> 24 21 3
8 0 1 <-> 9 12 7
8 0 7 <-> 24 5 6
9 0 0 <-> 11 6 3
9 0 1 <-> 11 18 1
9 0 7 <-> 18 4 0
10 0 0 <-> 8 24 4
10 0 1 <-> 10 17 0
10 0 7 <-> 6 8 4
11 0 0 <-> 16 24 4
11 0 1 <-> 2 23 5
11 0 7 <-> 0 6 5
12 0 0 <-> 12 8 0
12 0 1 <-> 17 24 3
12 0 7 <-> 20 8 7
13 0 0 <-> 0 20 7
13 0 1 <-> 11 7 2
13 0 7 <-> 9 11 7
14 0 0 <-> 23 0 0
14 0 1 <-> 24 20 1
14 0 7 <-> 13 6 3
15 0 1 <-> 17 24 5
15 0 3 <-> 0 8 7
15 0 7 <-> 14 24 4
16 0 0 <-> 0 16 5
16 0 1 <-> 7 10 3
16 0 4 <-> 24 0 0
16 0 7 <-> 24 11 1
17 0 0 <-> 0 11 6
17 0 1 <-> 21 24 4
17 0 5 <-> 23 0 1
17 0 7 <-> 9 24 5
18 0 0 <-> 21 17 1
18 0 1 <-> 24 13 2
18 0 7 <-> 17 4 1
19 0 0 <-> 24 17 1
19 0 1 <-> 5 24 5
20 0 1 <-> 22 6 1
20 0 7 <-> 7 9 6
21 0 0 <-> 15 2 1
21 0 1 <-> 24 6 1
21 0 2 <-> 24 6 2
21 0 7 <-> 3 10 3
23 0 6 <-> 12 24 5
23 0 7 <-> 20 22 7
24 0 1 <-> 21 20 0
24 0 2 <-> 12 24 4
24 0 3 <-> 4 24 5
24 0 7 <-> 24 10 1
0 1 5 <-> 12 13 6
0 1 6 <-> 16 18 5
0 1 7 <-> 24 2 3
15 1 2 <-> 0 2 6
21 1 1 <-> 19 8 0
23 1 7 <-> 0 21 7
24 1 1 <-> 12 12 5
24 1 2 <-> 0 23 7
24 1 3 <-> 22 11 0
0 2 5 <-> 22 9 4
0 2 7 <-> 20 21 6
16 2 0 <-> 24 15 1
17 2 3 <-> 0 7 7
17 2 7 <-> 15 23 6
18 2 4 <-> 22 17 0
19 2 5 <-> 23 4 4
20 2 3 <-> 24 10 2
21 2 4 <-> 24 11 3
22 2 5 <-> 1 6 4
24 2 1 <-> 19 22 0
24 2 2 <-> 0 24 3
0 3 5 <-> 3 24 5
0 3 6 <-> 4 24 3
0 3 7 <-> 15 8 7
19 3 6 <-> 12 6 4
20 3 2 <-> 0 9 5
22 3 6 <-> 24 9 1
24 3 1 <-> 0 6 3
24 3 2 <-> 10 21 0
24 3 3 <-> 9 10 6
0 4 6 <-> 5 9 2
0 4 7 <-> 23 9 5
19 4 7 <-> 10 24 4
20 4 1 <-> 24 22 1
22 4 3 <-> 12 18 0
22 4 7 <-> 7 12 1
24 4 1 <-> 11 16 6
24 4 2 <-> 19 24 4
24 4 3 <-> 13 17 6
24 4 5 <-> 7 11 2
0 5 5 <-> 24 20 0
0 5 6 <-> 0 22 7
0 5 7 <-> 10 13 2
24 5 1 <-> 0 12 5
24 5 2 <-> 18 22 1
24 5 3 <-> 2 8 7
0 6 6 <-> 2 24 3
0 6 7 <-> 0 18 7
2 6 5 <-> 24 17 3
13 6 5 <-> 6 10 0
14 6 4 <-> 14 8 0
15 6 5 <-> 15 20 0
18 6 3 <-> 21 16 2
19 6 4 <-> 9 21 1
20 6 5 <-> 24 16 1
23 6 0 <-> 19 24 5
24 6 3 <-> 2 24 5
24 6 7 <-> 10 14 1
0 7 2 <-> 11 24 4
0 7 5 <-> 10 12 3
0 7 6 <-> 7 9 3
2 7 6 <-> 9 11 6
13 7 2 <-> 0 22 5
13 7 6 <-> 11 17 7
15 7 6 <-> 21 11 1
18 7 2 <-> 20 20 1
20 7 6 <-> 4 12 0
24 7 1 <-> 10 15 4
24 7 2 <-> 0 14 6
24 7 3 <-> 24 23 2
0 8 1 <-> 0 9 7
0 8 5 <-> 21 24 2
0 8 6 <-> 24 15 3
5 8 3 <-> 24 23 1
7 8 5 <-> 13 22 3
11 8 1 <-> 8 12 0
13 8 1 <-> 18 8 1
13 8 7 <-> 0 24 6
24 8 1 <-> 16 24 3
24 8 2 <-> 6 24 3
24 8 3 <-> 24 12 1
0 9 6 <-> 17 24 4
9 9 5 <-> 0 10 7
24 9 2 <-> 9 24 3
24 9 3 <-> 0 18 6
0 10 5 <-> 5 12 7
0 10 6 <-> 22 23 4
4 10 4 <-> 11 14 0
5 10 1 <-> 0 12 7
5 10 5 <-> 14 24 0
7 10 7 <-> 23 20 1
9 10 5 <-> 13 18 7
21 10 2 <-> 16 20 7
23 10 6 <-> 23 10 6
24 10 3 <-> 0 15 6
0 11 5 <-> 22 18 5
0 11 7 <-> 0 19 6
3 11 2 <-> 18 24 4
5 11 6 <-> 14 20 1
7 11 1 <-> 15 18 4
23 11 7 <-> 20 24 5
24 11 2 <-> 3 24 4
0 12 6 <-> 5 24 4
11 12 4 <-> 0 17 5
24 12 3 <-> 13 23 2
0 13 5 <-> 7 24 3
0 13 6 <-> 22 15 4
0 13 7 <-> 24 16 3
24 13 1 <-> 13 24 1
24 13 3 <-> 15 22 5
0 14 5 <-> 24 21 1
0 14 7 <-> 0 22 6
24 14 2 <-> 24 14 2
24 14 3 <-> 13 24 5
0 15 7 <-> 0 19 7
9 15 3 <-> 24 22 3
21 15 3 <-> 0 17 6
23 15 5 <-> 9 17 1
24 15 2 <-> 15 24 5
0 16 6 <-> 24 21 2
0 16 7 <-> 11 21 7
9 16 2 <-> 24 18 2
12 16 4 <-> 23 24 3
13 16 5 <-> 11 20 6
23 16 6 <-> 0 19 5
23 17 7 <-> 10 19 4
24 17 2 <-> 3 12 1
0 18 5 <-> 24 18 1
20 18 3 <-> 9 24 4
21 18 4 <-> 23 24 5
24 18 3 <-> 14 19 2
24 18 4 <-> 9 20 2
11 19 5 <-> 23 23 5
20 19 2 <-> 15 24 3
22 19 6 <-> 22 19 6
23 19 2 <-> 24 24 1
0 20 5 <-> 0 21 5
0 20 6 <-> 11 15 5
19 20 4 <-> 18 20 3
20 20 5 <-> 24 23 3
22 20 7 <-> 22 20 7
24 20 2 <-> 0 17 7
24 20 3 <-> 0 24 7
14 22 4 <-> 14 18 3
24 22 2 <-> 0 15 5
0 23 3 <-> 8 24 5
0 23 5 <-> 15 24 7
21 23 3 <-> 0 24 2
0 24 4 <-> 10 24 3
2 24 4 <-> 11 24 5
4 24 4 <-> 8 24 3
5 24 3 <-> 0 21 6
6 24 5 <-> 24 24 2
7 24 4 <-> 7 24 5
10 24 5 <-> 0 23 6
12 24 3 <-> 21 24 5
13 24 4 <-> 0 24 5
18 24 3 <-> 16 24 5
19 24 3 <-> 18 24 5
20 24 3 <-> 20 24 3
23 24 4 <-> 23 24 4
23 24 6 <-> 2 24 6
24 24 4 <-> 1 23 4
