3
50
10 3
16 20
- - - 0 0 - - 0 0 0 0 - - - - - - - 0 0
- - 0 c 0 0 0 i 0 0 0 0 - - - - - - 0 b
0 0 b 0 0 0 0 0 0 0 0 0 0 - - 0 0 0 c 0
0 0 0 0 x x x 0 - - b 0 3 1 0 0 0 2 0 0
- 0 0 0 0 0 0 0 - - c 0 2 i 0 3 1 0 c 0
- 0 0 0 1 2 3 0 - - 0 0 0 0 0 i 0 0 0 0
- b 0 0 0 x 0 0 - - c 0 0 0 0 - - - 0 0
0 0 0 0 c 0 0 0 0 x 3 2 1 0 0 - - - 0 c
0 0 i 0 0 0 0 0 0 0 0 x x b 0 - - - 0 0
0 0 0 0 0 x x 0 b 0 0 0 0 0 0 - - - 0 0
- - - - 0 0 0 c - - - 0 0 0 0 - - - i 0
- - - - 0 i 0 0 - - - 0 0 0 0 b 0 0 0 0
- - - - 0 0 0 0 - - - i 0 0 0 0 0 0 0 0
- - - - 0 0 0 0 - - - 0 0 x x x 0 0 0 0
0 0 0 b 0 0 0 0 0 0 0 0 0 x x c 0 0 0 0
x x x x 0 0 0 0 c 0 0 0 0 0 0 0 0 x x x
0 0 0 c 0 0 0 0 0 0 0 0 0 0 0 0 0 0 0 0
3 0 6 <-> 19 0 2
4 0 2 <-> 7 0 6
10 0 2 <-> 18 0 6
2 1 6 <-> 19 1 2
11 1 2 <-> 18 1 6
0 2 6 <-> 19 2 2
12 2 6 <-> 15 2 2
8 2 4 <-> 8 7 0
9 2 4 <-> 9 7 0
0 3 6 <-> 19 3 2
7 3 2 <-> 10 3 6
0 3 4 <-> 0 7 0
1 4 6 <-> 19 4 2
7 4 2 <-> 10 4 6
1 5 6 <-> 19 5 2
7 5 2 <-> 10 5 6
15 5 4 <-> 15 11 0
16 5 4 <-> 16 11 0
17 5 4 <-> 17 11 0
1 6 6 <-> 19 6 2
7 6 2 <-> 10 6 6
14 6 2 <-> 18 6 6
0 7 6 <-> 19 7 2
14 7 2 <-> 18 7 6
0 8 6 <-> 19 8 2
14 8 2 <-> 18 8 6
0 9 6 <-> 19 9 2
14 9 2 <-> 18 9 6
0 9 4 <-> 0 14 0
1 9 4 <-> 1 14 0
2 9 4 <-> 2 14 0
3 9 4 <-> 3 14 0
4 9 4 <-> 4 14 0
8 9 4 <-> 8 14 0
9 9 4 <-> 9 14 0
10 9 4 <-> 10 14 0
4 10 6 <-> 19 10 2
7 10 2 <-> 12 10 6
14 10 2 <-> 18 10 6
4 11 6 <-> 19 11 2
7 11 2 <-> 11 11 6
4 12 6 <-> 19 12 2
7 12 2 <-> 11 12 6
4 13 6 <-> 19 13 2
7 13 2 <-> 11 13 6
0 14 6 <-> 19 14 2
0 15 6 <-> 19 15 2
0 16 6 <-> 19 16 2
0 2 0 <-> 0 16 4
1 2 0 <-> 1 16 4
2 1 0 <-> 2 16 4
3 0 0 <-> 3 16 4
4 0 0 <-> 4 16 4
5 1 0 <-> 5 16 4
6 1 0 <-> 6 16 4
7 0 0 <-> 7 16 4
8 0 0 <-> 8 16 4
9 0 0 <-> 9 16 4
10 0 0 <-> 10 16 4
11 1 0 <-> 11 16 4
12 2 0 <-> 12 16 4
13 3 0 <-> 13 16 4
14 3 0 <-> 14 16 4
15 2 0 <-> 15 16 4
16 2 0 <-> 16 16 4
17 2 0 <-> 17 16 4
18 0 0 <-> 18 16 4
19 0 0 <-> 19 16 4
7 2 3 <-> 10 5 7
8 2 3 <-> 10 4 7
7 3 3 <-> 10 6 7
7 4 3 <-> 10 7 7
7 5 3 <-> 9 7 7
9 2 5 <-> 7 4 1
10 2 5 <-> 7 5 1
10 3 5 <-> 7 6 1
10 4 5 <-> 7 7 1
10 5 5 <-> 8 7 1
14 5 3 <-> 18 9 7
15 5 3 <-> 18 8 7
16 5 3 <-> 18 7 7
14 6 3 <-> 18 10 7
14 7 3 <-> 18 11 7
14 8 3 <-> 17 11 7
14 9 3 <-> 16 11 7
16 5 5 <-> 14 7 1
17 5 5 <-> 14 8 1
18 5 5 <-> 14 9 1
18 6 5 <-> 14 10 1
18 7 5 <-> 14 11 1
18 8 5 <-> 15 11 1
18 9 5 <-> 16 11 1

